LATITUDE=55.7807302
LONGITUDE=-4.4716651
ALTITUDE_METERS=217
ALTITUDE_FEET=712
TZ=Europe/London
BEASTHOST=172.24.32.11
BEASTPORT=30005